EDGE_ODO 0 1 2.039345 0.003006 0.014452
EDGE_ODO 1 2 2.227460 0.023206 0.026799
EDGE_ODO 2 3 2.155018 -0.036303 -0.057667
EDGE_ODO 3 4 2.197182 -0.009827 0.002751
EDGE_ODO 4 5 2.308860 -0.303345 -0.388157
EDGE_ODO 5 6 2.169783 -0.277268 -0.648237
EDGE_ODO 6 7 1.642692 -0.939922 -0.668668
EDGE_ODO 7 8 1.796579 -0.057042 -0.055542
EDGE_ODO 8 9 2.034367 0.125796 0.138459
EDGE_ODO 9 10 2.263866 -0.075146 -0.065220
EDGE_ODO 10 11 2.407824 -0.059795 -0.008547
EDGE_ODO 11 12 2.392492 0.192499 0.068003
EDGE_ODO 12 13 2.532237 -0.074276 -0.049379
EDGE_ODO 13 14 2.447134 -0.082646 -0.064780
EDGE_ODO 14 15 2.441710 0.148753 0.061759
EDGE_ODO 15 16 2.573032 -0.021693 -0.027726
EDGE_ODO 16 17 2.445093 -0.073531 -0.061934
EDGE_ODO 17 18 2.432578 -0.060892 -0.045036
EDGE_ODO 18 19 2.448161 0.039353 0.005424
EDGE_ODO 19 20 2.556778 0.248796 0.201298
EDGE_ODO 20 21 2.570636 -0.097392 -0.098739
EDGE_ODO 21 22 2.556580 -0.203635 -0.124340
EDGE_ODO 22 23 2.448610 -0.059087 -0.037161
EDGE_ODO 23 24 2.566288 0.130148 0.112761
EDGE_ODO 24 25 2.454419 -0.052878 -0.033057
EDGE_ODO 25 26 2.438408 -0.071835 -0.033120
EDGE_ODO 26 27 1.592390 -1.404424 -1.396870
EDGE_ODO 27 28 2.394377 -0.449064 -0.181041
EDGE_ODO 28 29 2.577841 -0.029765 -0.014274
EDGE_ODO 29 30 2.323608 -0.034119 0.024889
EDGE_ODO 30 31 1.896677 1.070465 1.459942
EDGE_ODO 31 32 2.550460 0.318349 0.187688
EDGE_ODO 32 33 2.389703 -0.431414 -0.245112
EDGE_ODO 33 34 2.518708 0.409226 0.462760
EDGE_ODO 34 35 2.483565 -0.628103 -0.293468
EDGE_ODO 35 36 2.495023 0.359875 0.652938
EDGE_ODO 36 37 1.930593 1.327385 1.148479
EDGE_ODO 37 38 2.569746 -0.049229 -0.216363
EDGE_ODO 38 39 2.575528 -0.014106 -0.018281
EDGE_ODO 39 40 2.445374 0.030689 -0.002622
EDGE_ODO 40 41 2.568066 -0.038728 -0.015338
EDGE_ODO 41 42 2.442044 0.007091 -0.019780
EDGE_ODO 42 43 2.569807 0.021082 0.038154
EDGE_ODO 43 44 2.581822 -0.052001 -0.008713
EDGE_ODO 44 45 1.372075 1.464669 1.553423
EDGE_ODO 45 46 2.568521 0.009620 0.037471
EDGE_ODO 46 47 2.574932 -0.041171 -0.026099
EDGE_ODO 47 48 2.444461 -0.040172 -0.034024
EDGE_ODO 48 49 2.575295 -0.011643 0.010421
EDGE_ODO 49 50 1.726918 1.079373 1.182461
EDGE_ODO 50 51 2.056514 0.866580 0.489280
EDGE_ODO 51 52 2.405556 -0.109608 -0.085956
EDGE_ODO 52 53 2.266826 -0.095890 -0.081786
EDGE_ODO 53 54 2.002569 -0.231768 -1.477272
EDGE_ODO 54 55 -0.401693 1.008117 2.080719
EDGE_ODO 55 56 1.666917 -0.978377 -0.651229
EDGE_ODO 56 57 2.224068 -0.089137 -0.077123
EDGE_ODO 57 58 2.229482 0.054523 0.012736
EDGE_ODO 58 59 2.227435 0.205729 0.085136
EDGE_ODO 59 60 2.340767 -0.073587 0.012297
EDGE_ODO 60 61 2.186846 -0.138689 -0.268525
EDGE_ODO 61 62 1.773347 -0.490025 -0.626436
EDGE_ODO 62 63 1.941099 0.252905 0.203716
EDGE_ODO 63 64 1.847607 0.366037 0.260601
EDGE_ODO 64 65 2.242088 -0.046963 -0.020070
EDGE_ODO 65 66 2.219663 0.157282 0.066516
EDGE_ODO 66 67 2.284209 -0.062255 -0.036325
EDGE_ODO 67 68 1.885748 -0.077445 -0.110823
EDGE_ODO 68 69 1.193515 -1.270527 -1.458722
EDGE_ODO 69 70 2.212384 -0.070624 -0.064741
EDGE_ODO 70 71 2.347322 -0.024363 0.014994
EDGE_ODO 71 72 2.149699 -0.057685 -0.051439
EDGE_ODO 72 73 2.056867 0.037246 0.052166
EDGE_ODO 73 74 1.582498 0.941344 1.287673
EDGE_ODO 74 75 2.102100 0.442502 0.310613
EDGE_ODO 75 76 2.344387 -0.048664 -0.036042
EDGE_ODO 76 77 2.273926 -0.026917 0.021562
EDGE_ODO 77 78 2.278592 0.014469 0.013014
EDGE_ODO 78 79 2.397274 -0.051687 -0.036608
EDGE_ODO 79 80 2.410548 -0.054901 -0.037457
EDGE_ODO 80 81 2.280293 -0.053707 -0.036827
EDGE_ODO 81 82 2.396489 0.028079 0.021290
EDGE_ODO 82 83 2.281263 -0.046991 -0.031071
EDGE_ODO 83 84 2.511533 -0.147732 -0.197963
EDGE_ODO 84 85 2.369643 0.320648 0.272433
EDGE_ODO 85 86 2.402269 -0.038007 -0.018364
EDGE_ODO 86 87 2.397811 -0.038756 -0.018253
EDGE_ODO 87 88 2.517993 -0.074769 -0.036987
EDGE_ODO 88 89 2.402856 -0.150761 -0.091760
EDGE_ODO 89 90 2.399058 0.016507 0.116592
EDGE_ODO 90 91 2.397306 -0.032962 -0.014258
EDGE_ODO 91 92 2.278531 -0.130208 -0.079837
EDGE_ODO 92 93 2.401363 -0.092100 -0.025584
EDGE_ODO 93 94 2.272032 0.046569 0.115845
EDGE_ODO 94 95 2.409330 -0.032445 -0.011736
EDGE_ODO 95 96 2.393493 -0.163998 -0.100092
EDGE_ODO 96 97 2.520004 -0.028327 -0.013725
EDGE_ODO 97 98 1.826032 0.888146 1.574063
EDGE_ODO 98 99 2.394803 0.012828 0.030254
EDGE_ODO 99 100 2.407180 0.028203 0.019845
EDGE_ODO 100 101 2.402149 0.028963 0.039475
EDGE_ODO 101 102 2.279982 -0.063781 -0.013799
EDGE_ODO 102 103 2.384933 -0.137806 -0.093063
EDGE_ODO 103 104 2.409005 0.033872 0.047903
EDGE_ODO 104 105 1.692411 1.275673 1.327549
EDGE_ODO 105 106 2.502654 0.232467 0.137288
EDGE_ODO 106 107 2.384209 0.268898 0.138779
EDGE_ODO 107 108 2.518463 -0.043626 -0.023950
EDGE_ODO 108 109 2.396767 -0.092234 -0.082431
EDGE_ODO 109 110 2.319403 -0.093863 -0.045858
EDGE_ODO 110 111 2.363353 -0.018569 0.003957
EDGE_ODO 111 112 2.520741 -0.003924 0.009811
EDGE_ODO 112 113 2.402742 0.021016 0.016769
EDGE_ODO 113 114 2.271818 -0.043010 -0.044212
EDGE_ODO 114 115 2.404741 0.006591 0.022045
EDGE_ODO 115 116 2.402968 -0.123368 -0.053523
EDGE_ODO 116 117 2.392932 -0.010057 0.006937
EDGE_ODO 117 118 2.409686 0.007220 0.025561
EDGE_ODO 118 119 2.500746 -0.304632 -0.121683
EDGE_ODO 119 120 2.400804 0.035716 0.068858
EDGE_ODO 120 121 2.401346 0.046506 0.047784
EDGE_ODO 121 122 2.279008 -0.034021 -0.002785
EDGE_ODO 122 123 2.394145 -0.112972 -0.047348
EDGE_ODO 123 124 2.278951 -0.054333 -0.032949
EDGE_ODO 124 125 2.399904 0.032470 0.031759
EDGE_ODO 125 126 2.408326 0.033723 0.026209
EDGE_ODO 126 127 2.269444 -0.196030 -0.096896
EDGE_ODO 127 128 2.244989 0.202794 0.622213
EDGE_ODO 128 129 1.480290 1.720307 1.064475
EDGE_ODO 129 130 2.391974 -0.190506 -0.127436
EDGE_ODO 130 131 2.400493 -0.091110 -0.071840
EDGE_ODO 131 132 2.282234 0.022811 0.018039
EDGE_ODO 132 133 2.157319 -0.050266 -0.028998
EDGE_ODO 133 134 2.519687 0.055654 0.081338
EDGE_ODO 134 135 2.132945 0.779894 1.248194
EDGE_ODO 135 136 2.326503 0.556241 0.316446
EDGE_ODO 136 137 2.559265 -0.058578 -0.035491
EDGE_ODO 137 138 2.578427 -0.065512 -0.045831
EDGE_ODO 138 139 2.567458 -0.062322 -0.045305
EDGE_ODO 139 140 2.576138 0.106682 0.027889
EDGE_ODO 140 141 2.442694 -0.004852 0.000748
EDGE_ODO 141 142 2.572031 0.035091 -0.000362
EDGE_ODO 142 143 2.446654 -0.017970 -0.009355
EDGE_ODO 143 144 2.441118 -0.046123 -0.030812
EDGE_ODO 144 145 2.567258 0.143832 0.037897
EDGE_ODO 145 146 2.572238 -0.058026 -0.034894
EDGE_ODO 146 147 2.441298 -0.027035 0.010573
EDGE_ODO 147 148 2.572831 -0.034473 -0.024519
EDGE_ODO 148 149 2.557252 0.146574 0.132454
EDGE_ODO 149 150 2.573913 -0.212989 -0.099372
EDGE_ODO 150 151 2.575076 -0.085999 -0.053765
EDGE_ODO 151 152 2.435917 -0.042292 -0.026779
EDGE_ODO 152 153 2.573510 -0.015832 0.023333
EDGE_ODO 153 154 2.478393 0.140121 0.040833
EDGE_ODO 154 155 2.536178 -0.046318 -0.025207
EDGE_ODO 155 156 2.567185 -0.061693 -0.050686
EDGE_ODO 156 157 2.446094 -0.023622 -0.009656
EDGE_ODO 157 158 2.438695 -0.036850 -0.022020
EDGE_ODO 158 159 2.578272 -0.037486 -0.021029
EDGE_ODO 159 160 2.567050 0.093946 0.084713
EDGE_ODO 160 161 2.443300 -0.037434 -0.019365
EDGE_ODO 161 162 2.576787 -0.032638 -0.017064
EDGE_ODO 162 163 2.567950 -0.044287 -0.025786
EDGE_ODO 163 164 2.581107 -0.024393 -0.004028
EDGE_ODO 164 165 2.575880 -0.039665 -0.020739
EDGE_ODO 165 166 2.433966 -0.026389 -0.021993
EDGE_ODO 166 167 2.577505 0.014959 0.023751
EDGE_ODO 167 168 2.442593 -0.033576 -0.014047
EDGE_ODO 168 169 2.577653 -0.038762 -0.022953
EDGE_ODO 169 170 2.567817 -0.025250 -0.014175
EDGE_ODO 170 171 2.438412 0.108748 0.126286
EDGE_ODO 171 172 2.570909 0.032246 -0.054368
EDGE_ODO 172 173 2.480114 -0.161777 -0.078560
EDGE_ODO 173 174 2.533022 -0.037894 -0.017021
EDGE_ODO 174 175 2.441657 -0.120177 -0.148814
EDGE_ODO 175 176 2.541682 0.371798 0.172862
EDGE_ODO 176 177 2.439019 -0.025082 -0.008276
EDGE_ODO 177 178 2.578066 -0.046569 -0.022705
EDGE_ODO 178 179 1.618126 1.370784 1.632018
EDGE_ODO 179 180 2.569465 0.032333 0.038809
EDGE_ODO 180 181 2.556581 -0.200523 -0.147851
EDGE_ODO 181 182 2.448724 0.028871 0.038291
EDGE_ODO 182 183 2.575247 0.051003 0.106135
EDGE_ODO 183 184 2.539544 -0.399422 -0.180500
EDGE_ODO 184 185 2.395976 0.255097 0.696896
EDGE_ODO 185 186 1.601991 1.916827 0.971337
EDGE_ODO 186 187 2.444941 -0.032433 -0.023824
EDGE_ODO 187 188 2.461291 -0.047057 -0.026924
EDGE_ODO 188 189 2.539299 -0.358864 -0.249162
EDGE_ODO 189 190 2.415650 0.385726 0.194777
EDGE_ODO 190 191 2.432601 0.060419 0.031798
EDGE_ODO 191 192 2.581519 -0.042848 -0.026043
EDGE_ODO 192 193 2.437913 -0.044068 -0.025471
EDGE_ODO 193 194 2.573274 -0.049236 -0.030274
EDGE_ODO 194 195 2.574035 -0.037521 -0.025591
EDGE_ODO 195 196 2.575310 0.003258 -0.009684
EDGE_ODO 196 197 2.567696 0.109214 0.045814
EDGE_ODO 197 198 2.420692 -0.050407 -0.037984
EDGE_ODO 198 199 2.410507 -0.057183 -0.035559
EDGE_ODO 199 200 2.399197 -0.031172 0.042572
EDGE_ODO 200 201 2.520423 -0.036846 -0.025239
EDGE_ODO 201 202 2.395436 -0.057974 -0.044704
EDGE_ODO 202 203 2.284288 -0.013967 -0.001589
EDGE_ODO 203 204 2.401804 0.076527 0.021328
EDGE_ODO 204 205 2.396943 -0.049395 -0.038828
EDGE_ODO 205 206 2.401226 -0.013263 0.140642
EDGE_ODO 206 207 2.053884 1.015386 1.081910
EDGE_ODO 207 208 2.171960 0.869277 0.632369
EDGE_ODO 208 209 2.279234 -0.381495 -0.254666
EDGE_ODO 209 210 2.362421 -0.051202 -0.004813
EDGE_ODO 210 211 2.395671 -0.079082 -0.068510
EDGE_ODO 211 212 1.565985 -0.043878 -0.046964
EDGE_ODO 212 213 1.591406 -0.023451 0.053605
EDGE_ODO 213 214 1.748743 0.099870 0.137327
EDGE_ODO 214 215 1.252094 1.185147 1.274475
EDGE_ODO 215 216 2.537027 0.204498 0.167668
EDGE_ODO 216 217 2.574825 -0.025129 -0.010808
EDGE_ODO 217 218 2.441671 -0.004213 0.013802
EDGE_ODO 218 219 2.574399 0.052505 0.149634
EDGE_ODO 219 220 2.287452 -0.775425 -0.325876
EDGE_ODO 220 221 2.574352 -0.041636 -0.001566
EDGE_ODO 221 222 2.572778 0.024510 0.073886
EDGE_ODO 222 223 2.444574 -0.000085 0.005369
EDGE_ODO 223 224 2.571798 -0.012261 -0.055319
EDGE_ODO 224 225 2.577792 -0.013001 0.001352
EDGE_ODO 225 226 2.562434 -0.031609 -0.016027
EDGE_ODO 226 227 2.444996 -0.007500 -0.040080
EDGE_ODO 227 228 2.400027 -0.780348 -0.712017
EDGE_ODO 228 229 2.252867 -1.085463 -0.756216
EDGE_ODO 229 230 2.137266 -0.059249 -0.047028
EDGE_ODO 230 231 1.987445 -0.049909 0.016209
EDGE_ODO 231 232 1.840569 -0.092115 -0.084173
EDGE_ODO 232 233 1.892617 0.030087 0.027548
EDGE_ODO 233 234 1.892266 -0.023184 0.031988
EDGE_ODO 234 235 1.976360 -0.047679 -0.044674
EDGE_ODO 235 236 1.882696 -0.059632 -0.087267
EDGE_ODO 236 237 1.481713 -1.172547 -1.016582
EDGE_ODO 237 238 1.532057 1.001434 0.804584
EDGE_ODO 238 239 2.075495 -0.055160 -0.040521
EDGE_ODO 239 240 1.930028 -0.105098 -0.075495
EDGE_ODO 240 241 2.436101 -0.019407 0.043188
EDGE_ODO 241 242 2.566907 -0.032218 -0.030099
EDGE_ODO 242 243 2.447552 -0.019223 0.009266
EDGE_ODO 243 244 2.563919 -0.043498 -0.020677
EDGE_ODO 244 245 2.581387 -0.071920 -0.046870
EDGE_ODO 245 246 2.438112 -0.047876 -0.036748
EDGE_ODO 246 247 2.436639 -0.036619 -0.293624
EDGE_ODO 247 248 1.420224 -2.006465 -1.159790
EDGE_ODO 248 249 2.031155 0.747252 1.645813
EDGE_ODO 249 250 2.556764 -0.195185 -0.226691
EDGE_ODO 250 251 2.154418 0.699274 1.635176
EDGE_ODO 251 252 1.943023 0.577640 -1.297654
EDGE_ODO 252 253 0.294664 -2.256894 -1.783107
EDGE_ODO 253 254 2.577917 -0.113165 -0.084667
EDGE_ODO 254 255 2.566603 -0.115239 -0.085953
EDGE_ODO 255 256 2.569735 -0.025521 0.031029
EDGE_ODO 256 257 2.446338 -0.019215 -0.024193
EDGE_ODO 257 258 2.565762 -0.011837 0.047328
EDGE_ODO 258 259 2.575417 -0.110083 -0.084199
EDGE_ODO 259 260 2.443342 -0.104201 -0.077976
EDGE_ODO 260 261 2.567269 -0.041925 0.203012
EDGE_ODO 261 262 2.436565 -0.172845 -0.098039
EDGE_ODO 262 263 2.569505 -0.100034 -0.070626
EDGE_ODO 263 264 2.577075 -0.065548 -0.052494
EDGE_ODO 264 265 2.413589 -0.327761 -0.191933
EDGE_ODO 265 266 2.446379 -0.011773 0.029906
EDGE_ODO 266 267 2.561427 0.116781 0.072605
EDGE_ODO 267 268 2.570634 -0.065054 -0.050206
EDGE_ODO 268 269 2.575892 -0.084566 -0.060757
EDGE_ODO 269 270 2.566427 0.121484 0.035212
EDGE_ODO 270 271 2.443698 0.055340 0.020640
EDGE_ODO 271 272 2.317686 -0.019298 0.047302
EDGE_ODO 272 273 2.571555 -0.064054 -0.039862
EDGE_ODO 273 274 2.447605 -0.060399 -0.040829
EDGE_ODO 274 275 2.568760 0.084193 0.025062
EDGE_ODO 275 276 2.440989 -0.057857 -0.046617
EDGE_ODO 276 277 2.568162 -0.042297 -0.031834
EDGE_ODO 277 278 2.580780 -0.013699 -0.059589
EDGE_ODO 278 279 2.440615 0.160028 0.075955
EDGE_ODO 279 280 2.565576 -0.055920 -0.035305
EDGE_ODO 280 281 2.442587 -0.052839 -0.036439
EDGE_ODO 281 282 1.956103 -0.098266 0.167349
EDGE_ODO 282 283 1.922346 0.048502 -0.073268
EDGE_ODO 283 284 1.745840 -0.040223 0.015317
EDGE_ODO 284 285 1.617246 0.020180 0.054079
EDGE_ODO 285 286 1.966851 -0.043350 -0.091742
EDGE_ODO 286 287 2.219214 -0.199176 -0.086971
EDGE_ODO 287 288 2.334527 0.006826 0.079161
EDGE_ODO 288 289 2.241895 -0.024717 -0.015195
EDGE_ODO 289 290 2.225886 -0.011790 0.037905
EDGE_ODO 290 291 2.339981 -0.041054 0.027550
EDGE_ODO 291 292 1.867581 -0.056944 -0.049593
EDGE_ODO 292 293 1.677537 -0.100609 -0.130807
EDGE_ODO 293 294 1.030221 -1.052179 -1.427934
EDGE_ODO 294 295 2.017268 -0.079448 -0.077140
EDGE_ODO 295 296 2.055994 -0.058285 -0.059051
EDGE_ODO 296 297 2.059604 -0.022301 0.064286
EDGE_ODO 297 298 2.061120 0.040427 0.187615
EDGE_ODO 298 299 2.040080 0.264400 0.213365
EDGE_ODO 299 300 1.781348 0.701087 0.609343
EDGE_ODO 300 301 1.979677 0.331924 0.758169
EDGE_ODO 301 302 2.040964 0.236619 -0.076317
EDGE_ODO 302 303 2.043627 -0.249654 -0.164094
EDGE_ODO 303 304 2.345863 -0.024821 -0.003625
EDGE_ODO 304 305 2.229585 -0.012284 -0.000507
EDGE_ODO 305 306 2.343036 -0.022616 -0.015946
EDGE_ODO 306 307 2.001010 -0.343339 -1.056342
EDGE_ODO 307 308 1.906819 -0.716980 -0.604328
EDGE_ODO 308 309 1.642709 -0.025674 -0.036292
EDGE_ODO 309 310 1.657619 -0.053539 -0.083680
EDGE_ODO 310 311 1.886960 0.124921 0.122681
EDGE_ODO 311 312 1.886734 0.051754 0.053739
EDGE_ODO 312 313 2.107101 -0.051915 0.023080
EDGE_ODO 313 314 2.161473 -0.059767 -0.059421
EDGE_ODO 314 315 2.054733 -0.051274 -0.044253
EDGE_ODO 315 316 2.060929 0.032636 0.021885
EDGE_ODO 316 317 2.058989 -0.022182 0.003287
EDGE_ODO 317 318 2.063872 -0.053058 -0.053017
EDGE_ODO 318 319 2.058083 -0.043454 -0.041621
EDGE_ODO 319 320 2.305547 -0.026427 -0.004159
EDGE_ODO 320 321 2.332285 -0.062958 -0.039978
EDGE_ODO 321 322 2.240434 -0.001588 -0.021100
EDGE_ODO 322 323 2.224345 -0.005881 -0.016564
EDGE_ODO 323 324 2.227527 0.135008 0.140357
EDGE_ODO 324 325 2.156290 -0.053181 -0.037904
EDGE_ODO 325 326 1.659794 -0.028538 -0.023742
EDGE_ODO 326 327 1.982359 -0.032775 0.014583
EDGE_ODO 327 328 1.893727 0.020922 0.004517
EDGE_ODO 328 329 1.888307 -0.044894 -0.038502
EDGE_ODO 329 330 1.981554 -0.038431 -0.029980
EDGE_ODO 330 331 1.884550 0.025322 0.076896
EDGE_ODO 331 332 1.051673 -1.058403 -1.452425
EDGE_ODO 332 333 1.883572 -0.111202 -0.193306
EDGE_ODO 333 334 1.887450 -0.047584 0.001445
EDGE_ODO 334 335 1.891498 -0.055795 -0.056516
EDGE_ODO 335 336 1.884749 -0.057846 -0.060158
EDGE_ODO 336 337 1.977428 0.094393 0.038403
EDGE_ODO 337 338 1.882301 0.036738 0.012117
EDGE_ODO 338 339 1.745347 -0.044732 -0.053074
EDGE_ODO 339 340 0.543993 -1.205260 -1.899186
EDGE_ODO 340 341 -0.174115 0.751852 -2.387618
EDGE_ODO 341 342 1.675999 -0.024808 0.726186
EDGE_ODO 342 343 1.456198 0.869852 0.512444
EDGE_ODO 343 344 1.709698 -0.151464 -0.083702
EDGE_ODO 344 345 0.759606 -1.153145 -1.831746
EDGE_ODO 345 346 1.588446 0.623631 0.420533
EDGE_ODO 346 347 1.792781 -0.068577 -0.071521
EDGE_ODO 347 348 1.805924 -0.015768 -0.006279
EDGE_ODO 348 349 1.791786 -0.097096 -0.195938
EDGE_ODO 349 350 1.715683 0.059776 0.103901
EDGE_ODO 350 351 1.796708 -0.009710 0.031245
EDGE_ODO 351 352 1.655352 0.212124 0.918384
EDGE_ODO 352 353 1.624405 0.749345 0.525329
EDGE_ODO 353 354 1.708588 0.137557 0.115985
EDGE_ODO 354 355 1.802334 -0.059848 -0.083455
EDGE_ODO 355 356 1.714659 0.048554 0.116640
EDGE_ODO 356 357 1.712576 0.028914 0.070609
EDGE_ODO 357 358 1.796838 -0.072092 -0.127219
EDGE_ODO 358 359 1.710052 0.013118 0.028226
EDGE_ODO 359 360 1.803055 0.013037 0.031257
EDGE_ODO 360 361 1.794066 -0.120483 -0.071281
EDGE_ODO 361 362 1.716019 0.002514 0.018261
EDGE_ODO 362 363 1.711876 0.008649 0.033238
EDGE_ODO 363 364 1.717623 0.261374 1.091689
EDGE_ODO 364 365 1.520496 0.766647 0.442425
EDGE_ODO 365 366 1.708606 -0.091246 -0.082400
EDGE_ODO 366 367 1.718254 -0.018719 -0.016197
EDGE_ODO 367 368 1.713881 -0.016958 -0.019534
EDGE_ODO 368 369 1.800013 0.027175 0.082551
EDGE_ODO 369 370 1.713447 -0.014420 -0.006210
EDGE_ODO 370 371 1.798638 0.002940 0.039822
EDGE_ODO 371 372 0.625195 1.373706 1.472044
EDGE_ODO 372 373 1.720281 -0.052438 -0.042334
EDGE_ODO 373 374 1.798525 0.000867 -0.023876
EDGE_ODO 374 375 1.718071 0.020324 0.025232
EDGE_ODO 375 376 1.797132 -0.001456 0.128829
EDGE_ODO 376 377 1.796741 -0.041487 -0.199629
EDGE_ODO 377 378 0.546240 -1.521872 -1.422857
EDGE_ODO 378 379 1.796309 -0.052944 0.140297
EDGE_ODO 379 380 1.732313 -0.155533 -0.141183
EDGE_ODO 380 381 1.770655 -0.029997 -0.026625
EDGE_ODO 381 382 1.724759 -0.051451 -0.039532
EDGE_ODO 382 383 1.708299 -0.035392 -0.041454
EDGE_ODO 383 384 1.800259 -0.035768 -0.032449
EDGE_ODO 384 385 2.002122 0.000945 0.015279
EDGE_ODO 385 386 2.060007 -0.015440 0.003896
EDGE_ODO 386 387 2.057599 -0.053215 -0.045428
EDGE_ODO 387 388 2.161781 -0.041172 0.025084
EDGE_ODO 388 389 2.053372 0.130652 0.055207
EDGE_ODO 389 390 2.055043 -0.063707 -0.051850
EDGE_ODO 390 391 2.369453 -0.055393 -0.054507
EDGE_ODO 391 392 2.562174 0.191360 0.067910
EDGE_ODO 392 393 2.580500 -0.067660 -0.061760
EDGE_ODO 393 394 2.380021 0.331663 0.132664
EDGE_ODO 394 395 1.523365 -0.354667 0.287006
EDGE_ODO 395 396 0.543168 1.156103 1.956760
EDGE_ODO 396 397 0.706496 1.043663 2.117496
EDGE_ODO 397 398 0.624519 1.121029 2.287662
EDGE_ODO 398 399 1.577924 0.040045 -0.340879
EDGE_ODO 399 400 1.678642 -0.350488 -0.390588
EDGE_ODO 400 401 1.931653 0.169151 0.211285
EDGE_ODO 401 402 2.052264 -0.066312 -0.062160
EDGE_ODO 402 403 2.033715 0.153171 0.093046
EDGE_ODO 403 404 1.633530 0.125272 -0.007995
EDGE_ODO 404 405 1.689173 -0.036564 -0.040939
EDGE_ODO 405 406 1.020908 0.788313 1.527120
EDGE_ODO 406 407 1.621173 -0.023552 -0.022087
EDGE_ODO 407 408 1.620116 -0.027257 -0.025994
EDGE_ODO 408 409 1.744558 -0.035403 -0.017116
EDGE_ODO 409 410 2.040801 0.206559 0.130180
EDGE_ODO 410 411 2.052397 0.039464 0.051870
EDGE_ODO 411 412 2.256593 -0.036290 -0.023670
EDGE_ODO 412 413 2.063669 0.048521 0.037909
EDGE_ODO 413 414 1.798671 -0.537248 -0.714912
EDGE_ODO 414 415 1.822997 -0.701319 -0.844534
EDGE_ODO 415 416 2.048999 -0.085914 -0.157684
EDGE_ODO 416 417 2.164466 -0.043054 0.008458
EDGE_ODO 417 418 2.060790 -0.072899 -0.047891
EDGE_ODO 418 419 2.161514 0.098438 0.141075
EDGE_ODO 419 420 2.050250 -0.120867 -0.106474
EDGE_ODO 420 421 2.161472 0.028433 -0.015376
EDGE_ODO 421 422 2.046142 -0.175080 -0.007942
EDGE_ODO 422 423 2.059495 -0.063126 -0.069491
EDGE_ODO 423 424 2.054460 -0.095515 -0.172100
EDGE_ODO 424 425 1.870271 -0.835463 -0.499060
EDGE_ODO 425 426 2.240682 -0.103355 -0.110449
EDGE_ODO 426 427 2.298652 -0.580281 -0.828495
EDGE_ODO 427 428 2.286158 -0.358086 -0.203494
EDGE_ODO 428 429 2.323264 0.311910 0.309016
EDGE_ODO 429 430 2.399097 -0.080606 -0.059911
EDGE_ODO 430 431 2.522448 -0.081973 -0.059211
EDGE_ODO 431 432 1.850993 0.585603 0.941665
EDGE_ODO 432 433 1.625999 0.900816 0.486308
EDGE_ODO 433 434 1.486581 0.150772 0.325726
EDGE_ODO 434 435 2.156474 -0.268578 -0.185995
EDGE_ODO 435 436 2.569649 -0.067419 -0.020655
EDGE_ODO 436 437 2.573042 0.006649 -0.022547
EDGE_ODO 437 438 2.446250 0.045709 0.080349
EDGE_ODO 438 439 2.436387 -0.043555 0.010072
EDGE_ODO 439 440 2.575121 -0.069634 -0.047544
EDGE_ODO 440 441 2.441555 -0.054949 -0.004795
EDGE_ODO 441 442 2.575844 -0.054829 -0.038658
EDGE_ODO 442 443 2.564715 0.127263 0.089654
EDGE_ODO 443 444 2.198291 -0.183887 -0.324023
EDGE_ODO 444 445 1.527740 0.263070 0.259718
EDGE_ODO 445 446 1.908244 -0.042078 -0.031841
EDGE_ODO 446 447 2.516355 -0.070714 -0.040319
EDGE_ODO 447 448 2.451850 -0.054525 -0.046091
EDGE_ODO 448 449 2.571170 0.008782 0.008668
EDGE_ODO 449 450 2.566405 -0.040835 -0.025619
EDGE_ODO 450 451 2.578061 -0.063725 -0.062240
EDGE_ODO 451 452 2.555101 0.230906 0.164374
EDGE_ODO 452 453 2.561422 -0.039173 -0.030147
EDGE_ODO 453 454 2.584895 -0.028687 -0.018722
EDGE_ODO 454 455 2.438992 -0.035545 -0.027366
EDGE_ODO 455 456 2.574046 -0.035854 -0.018964
EDGE_ODO 456 457 2.569836 -0.042928 0.000090
EDGE_ODO 457 458 2.557966 -0.032625 -0.029423
EDGE_ODO 458 459 1.711627 -0.021532 -0.016476
EDGE_ODO 459 460 1.747096 0.038112 0.158481
EDGE_ODO 460 461 1.862587 -0.020805 -0.008408
EDGE_ODO 461 462 2.333754 -0.215739 -0.118654
EDGE_ODO 462 463 2.444841 -0.037058 -0.019231
EDGE_ODO 463 464 1.629963 1.382237 1.427449
EDGE_ODO 464 465 2.565825 -0.066350 -0.331982
EDGE_ODO 465 466 1.466713 -1.851821 -1.035301
EDGE_ODO 466 467 2.571891 0.001404 -0.059498
EDGE_ODO 467 468 2.421372 -0.170926 -0.064137
EDGE_ODO 468 469 1.894341 -0.046795 -0.015346
EDGE_ODO 469 470 1.857545 -0.269635 -0.534923
EDGE_ODO 470 471 2.341756 -0.093475 0.193620
EDGE_ODO 471 472 2.295842 0.385221 0.320192
EDGE_ODO 472 473 2.230262 0.047818 0.205687
EDGE_ODO 473 474 1.397340 1.429514 1.386259
EDGE_ODO 474 475 2.324727 0.027614 0.025361
EDGE_ODO 475 476 2.539707 0.037791 0.051250
EDGE_ODO 476 477 2.525055 -0.409655 -0.170242
EDGE_ODO 477 478 2.575254 -0.037625 0.010947
EDGE_ODO 478 479 2.443449 0.031781 0.039279
EDGE_ODO 479 480 2.577244 0.030125 0.040878
EDGE_ODO 480 481 2.567018 0.000089 -0.040407
EDGE_ODO 481 482 2.442483 0.013159 -0.019932
EDGE_ODO 482 483 2.578420 0.016949 0.030352
EDGE_ODO 483 484 2.437565 -0.118091 -0.060712
EDGE_ODO 484 485 2.578590 0.040600 0.040056
EDGE_ODO 485 486 2.565284 -0.099911 -0.127654
EDGE_ODO 486 487 2.442891 0.048124 0.073105
EDGE_ODO 487 488 2.439459 0.009340 0.024184
EDGE_ODO 488 489 2.539703 0.274688 0.373255
EDGE_ODO 489 490 2.485232 0.552895 0.485909
EDGE_ODO 490 491 2.443303 0.147209 -0.006929
EDGE_ODO 491 492 2.558892 -0.150441 -0.058562
EDGE_ODO 492 493 2.523165 0.329081 0.533641
EDGE_ODO 493 494 1.756616 0.221653 0.567377
EDGE_ODO 494 495 1.396428 -0.728262 -1.813308
EDGE_ODO 495 496 -0.122037 -1.558050 -1.667073
EDGE_ODO 496 497 -1.524203 -0.142332 -3.041536
EDGE_ODO 497 498 2.499484 -0.536447 -0.304732
EDGE_ODO 498 499 2.439282 0.065846 0.060913
EDGE_ODO 499 500 2.448720 0.026253 0.040491
EDGE_ODO 500 501 2.567929 0.101874 0.083268
EDGE_ODO 501 502 2.573446 0.036856 0.048865
EDGE_ODO 502 503 2.438119 0.032032 0.041084
EDGE_ODO 503 504 2.251464 -0.002073 -0.173579
EDGE_ODO 504 505 2.324944 -0.038005 0.008003
EDGE_ODO 505 506 2.441289 0.017322 0.031579
EDGE_ODO 506 507 2.570517 0.028361 0.044304
EDGE_ODO 507 508 2.561215 -0.273579 -0.104233
EDGE_ODO 508 509 2.445481 0.026073 0.032396
EDGE_ODO 509 510 2.574210 0.015956 0.025869
EDGE_ODO 510 511 2.417262 -0.201826 -0.214833
EDGE_ODO 511 512 2.577008 -0.015962 0.005617
EDGE_ODO 512 513 2.579455 0.115757 0.065708
EDGE_ODO 513 514 2.433489 0.029289 0.071182
EDGE_ODO 514 515 2.503615 0.565124 0.290456
EDGE_ODO 515 516 2.432518 -0.158933 -0.172607
EDGE_ODO 516 517 2.467789 -0.304796 -0.168920
EDGE_ODO 517 518 2.539930 -0.001816 0.003977
EDGE_ODO 518 519 2.563799 0.030317 0.037552
EDGE_ODO 519 520 2.447840 -0.008252 0.005414
EDGE_ODO 520 521 2.352955 0.003235 0.007985
EDGE_ODO 521 522 2.563963 0.024421 0.021082
EDGE_ODO 522 523 2.571321 -0.048828 -0.087514
EDGE_ODO 523 524 2.444102 -0.099440 -0.029419
EDGE_ODO 524 525 2.569638 0.022813 0.027652
EDGE_ODO 525 526 2.571549 0.012844 0.025492
EDGE_ODO 526 527 2.447984 0.011719 0.022201
EDGE_ODO 527 528 2.573698 -0.032593 -0.053551
EDGE_ODO 528 529 2.439896 -0.073323 -0.022081
EDGE_ODO 529 530 2.460677 -0.020769 -0.008917
EDGE_ODO 530 531 2.440815 0.018189 0.026057
EDGE_ODO 531 532 2.581071 0.004046 0.026505
EDGE_ODO 532 533 2.438102 -0.010104 0.001337
EDGE_ODO 533 534 2.472994 -0.105637 -0.242276
EDGE_ODO 534 535 2.086808 -1.181121 -1.153719
EDGE_ODO 535 536 2.541168 -0.340847 -0.166836
EDGE_ODO 536 537 2.441242 -0.082219 -0.081066
EDGE_ODO 537 538 2.561962 -0.119142 -0.075350
EDGE_ODO 538 539 2.453500 -0.304161 -0.289750
EDGE_ODO 539 540 0.962314 1.453369 2.800999
EDGE_ODO 540 541 1.337953 1.379699 0.784771
EDGE_ODO 541 542 2.574823 0.008152 0.015877
EDGE_ODO 542 543 2.402743 -0.383446 -0.272616
EDGE_ODO 543 544 2.567742 -0.069481 0.163099
EDGE_ODO 544 545 2.571156 0.086944 0.057421
EDGE_ODO 545 546 2.426795 -0.120734 -0.400223
EDGE_ODO 546 547 2.484031 -0.383056 0.290585
EDGE_ODO 547 548 2.443744 0.094226 0.397106
EDGE_ODO 548 549 -0.404409 0.859384 -2.967661
EDGE_ODO 549 550 2.012106 -1.170371 -0.625833
EDGE_ODO 550 551 2.574091 -0.090195 -0.060989
EDGE_ODO 551 552 2.442032 -0.079977 -0.063507
EDGE_ODO 552 553 2.567057 0.130938 0.051695
EDGE_ODO 553 554 2.566681 0.095909 0.218570
EDGE_ODO 554 555 2.561500 -0.124416 -0.123673
EDGE_ODO 555 556 2.168375 0.284981 0.142304
EDGE_ODO 556 557 2.543644 -0.323048 -0.178878
EDGE_ODO 557 558 2.574315 -0.074572 -0.050936
EDGE_ODO 558 559 2.572115 -0.081625 -0.056759
EDGE_ODO 559 560 2.438553 0.104031 0.152593
EDGE_ODO 560 561 2.575867 -0.027596 -0.026417
EDGE_ODO 561 562 2.443691 0.037722 0.040470
EDGE_ODO 562 563 2.569735 -0.041614 -0.028644
EDGE_ODO 563 564 2.576642 -0.049621 -0.033486
EDGE_ODO 564 565 2.444101 -0.058030 -0.041669
EDGE_ODO 565 566 2.571769 -0.046394 -0.033193
EDGE_ODO 566 567 2.443106 0.010117 -0.005704
EDGE_ODO 567 568 2.484454 -0.020178 -0.020854
EDGE_ODO 568 569 2.527957 0.050624 0.110920
EDGE_ODO 569 570 2.572038 -0.036039 -0.034113
EDGE_ODO 570 571 2.571860 -0.101930 -0.052685
EDGE_ODO 571 572 2.437472 -0.012755 0.055824
EDGE_ODO 572 573 2.577704 0.058641 -0.116600
EDGE_ODO 573 574 2.563603 -0.044488 -0.028970
EDGE_ODO 574 575 2.573430 -0.056842 -0.032835
EDGE_ODO 575 576 2.448011 -0.021764 0.063659
EDGE_ODO 576 577 0.912001 2.025258 1.584796
EDGE_ODO 577 578 2.579952 -0.045801 -0.190692
EDGE_ODO 578 579 1.883272 -1.381509 -1.061298
EDGE_ODO 579 580 2.479372 -0.633511 -0.194125
EDGE_ODO 580 581 1.172705 1.972045 1.314150
EDGE_ODO 581 582 2.559428 0.282713 0.090010
EDGE_ODO 582 583 2.048511 0.020901 0.031820
EDGE_ODO 583 584 1.399363 -0.534746 -1.746078
EDGE_ODO 584 585 0.211853 -1.486187 -1.841831
EDGE_ODO 585 586 1.778306 0.453620 0.446828
EDGE_ODO 586 587 2.568703 -0.108589 -0.079997
EDGE_ODO 587 588 2.375938 -0.418247 -1.003662
EDGE_ODO 588 589 2.397783 -0.780532 -0.373752
EDGE_ODO 589 590 1.950306 1.095748 1.026512
EDGE_ODO 590 591 2.329881 0.254728 0.178348
EDGE_ODO 591 592 1.192440 1.148060 1.247382
EDGE_ODO 592 593 1.817634 0.443953 0.374376
EDGE_ODO 593 594 2.044214 -0.029461 -0.007800
EDGE_ODO 594 595 2.569679 -0.041219 -0.021286
EDGE_ODO 595 596 2.430486 0.198435 0.174143
EDGE_ODO 596 597 2.569567 -0.024020 -0.010286
EDGE_ODO 597 598 2.576649 -0.022107 -0.007542
EDGE_ODO 598 599 2.448396 -0.024524 -0.008006
EDGE_ODO 599 600 2.563959 -0.018894 -0.006403
EDGE_ODO 600 601 2.451019 -0.010170 0.040126
EDGE_ODO 601 602 2.434376 0.107855 -0.075934
EDGE_ODO 602 603 2.549749 -0.360964 -0.160084
EDGE_ODO 603 604 2.565524 0.063728 0.097269
EDGE_ODO 604 605 2.448340 -0.014863 -0.003321
EDGE_ODO 605 606 2.561252 0.174529 0.197136
EDGE_ODO 606 607 2.567404 -0.013887 -0.003097
EDGE_ODO 607 608 2.578382 -0.070070 -0.048193
EDGE_ODO 608 609 2.560206 -0.077253 -0.173137
EDGE_ODO 609 610 2.457004 -0.026448 -0.012266
EDGE_ODO 610 611 2.564708 -0.016081 -0.008741
EDGE_ODO 611 612 2.476604 -0.040176 -0.021684
EDGE_ODO 612 613 2.537516 -0.017627 -0.010280
EDGE_ODO 613 614 2.577569 -0.006828 -0.004952
EDGE_ODO 614 615 2.452429 -0.018281 0.021484
EDGE_ODO 615 616 2.555632 0.117356 0.155872
EDGE_ODO 616 617 2.527302 -0.182953 -0.568664
EDGE_ODO 617 618 1.027659 -1.639568 -2.087644
EDGE_ODO 618 619 1.701507 1.476722 0.891470
EDGE_ODO 619 620 2.436146 -0.066268 0.022957
EDGE_ODO 620 621 2.506793 0.555062 0.253168
EDGE_ODO 621 622 2.558736 -0.286574 -0.175085
EDGE_ODO 622 623 2.441142 -0.081435 -0.062230
EDGE_ODO 623 624 2.560906 -0.087938 -0.061522
EDGE_ODO 624 625 2.580773 -0.092780 -0.066542
EDGE_ODO 625 626 2.442581 0.071922 0.070103
EDGE_ODO 626 627 2.565448 -0.082641 -0.061376
EDGE_ODO 627 628 2.580011 -0.061478 0.023545
EDGE_ODO 628 629 2.562993 0.197996 0.091402
EDGE_ODO 629 630 2.443609 -0.069555 -0.046742
EDGE_ODO 630 631 2.559048 -0.073124 -0.054863
EDGE_ODO 631 632 2.582408 -0.066734 -0.049108
EDGE_ODO 632 633 2.437747 -0.064912 -0.046549
EDGE_ODO 633 634 2.557242 0.244651 0.196139
EDGE_ODO 634 635 2.442010 -0.028998 -0.020034
EDGE_ODO 635 636 2.575640 -0.061248 -0.038377
EDGE_ODO 636 637 2.568105 -0.047209 -0.032546
EDGE_ODO 637 638 2.579738 -0.061447 -0.039139
EDGE_ODO 638 639 2.569513 -0.066978 -0.038656
EDGE_ODO 639 640 2.573815 -0.060772 -0.042905
EDGE_ODO 640 641 2.434219 0.079158 0.087511
EDGE_ODO 641 642 2.579072 -0.045063 -0.027229
EDGE_ODO 642 643 2.569130 -0.044099 -0.032270
EDGE_ODO 643 644 2.567582 -0.046187 -0.000383
EDGE_ODO 644 645 2.439575 0.127961 0.057495
EDGE_ODO 645 646 2.573410 -0.038126 -0.023194
EDGE_ODO 646 647 2.579635 -0.043222 -0.019918
EDGE_ODO 647 648 2.574156 -0.047456 -0.029277
EDGE_ODO 648 649 2.433333 0.130384 0.125864
EDGE_ODO 649 650 2.570575 -0.046302 -0.020928
EDGE_ODO 650 651 2.506102 -0.374621 -0.308051
EDGE_ODO 651 652 2.598141 -0.036373 0.026379
EDGE_ODO 652 653 2.434460 0.187798 0.097915
EDGE_ODO 653 654 2.440731 0.078099 0.062171
EDGE_ODO 654 655 2.566378 -0.017937 -0.017113
EDGE_ODO 655 656 2.587517 -0.017874 -0.014013
EDGE_ODO 656 657 1.535418 0.699096 0.748093
EDGE_ODO 657 658 1.803285 0.012432 0.073554
EDGE_ODO 658 659 1.991008 -0.035424 -0.048562
EDGE_ODO 659 660 2.576088 0.075335 0.116422
EDGE_ODO 660 661 2.509893 0.350087 0.437684
EDGE_ODO 661 662 2.541431 0.385431 0.165384
EDGE_ODO 662 663 2.473434 0.039184 0.046464
EDGE_ODO 663 664 2.325958 0.041514 0.047521
EDGE_ODO 664 665 2.567854 0.027178 0.051457
EDGE_ODO 665 666 2.432690 -0.229147 -0.081147
EDGE_ODO 666 667 2.578167 0.039076 0.027854
EDGE_ODO 667 668 2.401983 -0.326739 -0.271936
EDGE_ODO 668 669 2.324966 0.204068 0.132318
EDGE_ODO 669 670 2.064706 -0.016567 0.043269
EDGE_ODO 670 671 2.053014 0.048898 0.130273
EDGE_ODO 671 672 2.157167 -0.015944 -0.083256
EDGE_ODO 672 673 1.847777 0.032772 0.041331
EDGE_ODO 673 674 2.173501 -0.124385 -0.188408
EDGE_ODO 674 675 2.476955 0.009642 0.023461
EDGE_ODO 675 676 2.443583 0.004614 0.009400
EDGE_ODO 676 677 2.572072 0.017822 0.023245
EDGE_ODO 677 678 2.570041 -0.010816 0.007028
EDGE_ODO 678 679 1.745965 0.274649 0.683484
EDGE_ODO 679 680 1.625683 0.796713 0.897024
EDGE_ODO 680 681 2.532309 0.039905 0.048867
EDGE_ODO 681 682 2.377295 0.436476 0.044032
EDGE_ODO 682 683 2.169740 -0.009979 0.023499
EDGE_ODO 683 684 1.632232 -0.005709 -0.102046
EDGE_ODO 684 685 2.437806 -0.676730 0.000388
EDGE_ODO 685 686 2.560951 0.114144 0.080191
EDGE_ODO 686 687 2.448400 0.011064 0.028668
EDGE_ODO 687 688 2.572732 -0.018431 -0.036878
EDGE_ODO 688 689 2.437253 0.041773 0.052078
EDGE_ODO 689 690 2.560968 -0.267422 -0.142943
EDGE_ODO 690 691 2.444950 0.030318 0.035429
EDGE_ODO 691 692 2.562838 -0.123154 -0.200274
EDGE_ODO 692 693 2.442987 0.017230 0.046929
EDGE_ODO 693 694 2.571140 0.131246 0.074615
EDGE_ODO 694 695 2.552532 -0.239929 -0.101703
EDGE_ODO 695 696 2.401621 0.395590 0.296259
EDGE_ODO 696 697 2.437061 0.012114 0.021321
EDGE_ODO 697 698 2.152911 -0.861971 -0.520383
EDGE_ODO 698 699 1.655219 0.428812 0.303608
EDGE_ODO 699 700 1.644316 -0.292601 0.138167
EDGE_ODO 700 701 1.601258 0.477662 0.470202
EDGE_ODO 701 702 1.443655 0.418100 0.495411
EDGE_ODO 702 703 1.529719 -0.840464 -1.010375
EDGE_ODO 703 704 1.234855 -1.745073 -0.966016
EDGE_ODO 704 705 2.409906 0.624713 0.678886
EDGE_ODO 705 706 2.424325 0.175927 0.103900
EDGE_ODO 706 707 2.443160 0.055559 0.050036
EDGE_ODO 707 708 2.572526 0.008671 -0.040786
EDGE_ODO 708 709 2.473716 -0.210463 -0.078367
EDGE_ODO 709 710 2.535389 0.016524 0.004278
EDGE_ODO 710 711 2.557062 -0.234276 -0.009862
EDGE_ODO 711 712 2.554293 -0.113361 -0.205537
EDGE_ODO 712 713 2.416920 0.315379 0.203325
EDGE_ODO 713 714 2.568912 -0.029392 -0.018336
EDGE_ODO 714 715 2.580032 0.067518 0.164426
EDGE_ODO 715 716 2.563415 0.017126 0.028502
EDGE_ODO 716 717 2.446077 -0.003689 -0.066706
EDGE_ODO 717 718 2.567020 -0.148215 -0.048587
EDGE_ODO 718 719 2.545677 -0.353262 -0.202419
EDGE_ODO 719 720 2.438370 -0.008015 0.007263
EDGE_ODO 720 721 2.558274 0.197196 0.233874
EDGE_ODO 721 722 2.372719 -0.511510 -0.242974
EDGE_ODO 722 723 2.233921 0.471167 0.226448
EDGE_ODO 723 724 1.863659 -0.189795 -0.168122
EDGE_ODO 724 725 2.167416 0.045905 0.353845
EDGE_ODO 725 726 1.282865 1.152323 1.170800
EDGE_ODO 726 727 2.408497 0.011418 0.022269
EDGE_ODO 727 728 2.438916 -0.025486 -0.076991
EDGE_ODO 728 729 2.567181 0.024100 0.030256
EDGE_ODO 729 730 2.583790 0.010486 -0.063301
EDGE_ODO 730 731 2.564799 -0.100518 -0.108964
EDGE_ODO 731 732 2.561016 -0.225063 -0.068197
EDGE_ODO 732 733 2.444521 0.038657 0.047044
EDGE_ODO 733 734 2.567977 0.045905 0.055860
EDGE_ODO 734 735 2.578877 0.037183 0.043006
EDGE_ODO 735 736 2.445331 0.036597 0.042667
EDGE_ODO 736 737 2.569687 -0.012742 -0.053615
EDGE_ODO 737 738 2.439874 0.031020 0.037446
EDGE_ODO 738 739 2.568035 -0.157190 -0.101380
EDGE_ODO 739 740 2.576194 0.026904 0.036312
EDGE_ODO 740 741 2.439849 -0.009269 0.025995
EDGE_ODO 741 742 2.531512 -0.466433 -0.191368
EDGE_ODO 742 743 2.570359 0.045922 0.048254
EDGE_ODO 743 744 2.557184 0.110006 0.358745
EDGE_ODO 744 745 2.516878 0.433353 0.460373
EDGE_ODO 745 746 1.718679 0.855985 0.957463
EDGE_ODO 746 747 0.313819 1.055898 -3.135204
EDGE_ODO 747 748 1.531641 0.596685 -0.123203
EDGE_ODO 748 749 1.550872 0.451995 1.093141
EDGE_ODO 749 750 1.794535 0.603656 0.376651
EDGE_ODO 750 751 2.418723 0.288468 0.229251
EDGE_ODO 751 752 2.569172 0.034316 0.042773
EDGE_ODO 752 753 2.564846 -0.097745 -0.258827
EDGE_ODO 753 754 2.443950 -0.065704 -0.000779
EDGE_ODO 754 755 2.568526 -0.062477 -0.079909
EDGE_ODO 755 756 2.576898 0.012769 0.026620
EDGE_ODO 756 757 2.570484 0.037480 0.047566
EDGE_ODO 757 758 2.441450 0.036461 0.050288
EDGE_ODO 758 759 2.438713 0.029490 0.035840
EDGE_ODO 759 760 2.582664 0.026700 0.050181
EDGE_ODO 760 761 2.561724 -0.185721 -0.157359
EDGE_ODO 761 762 2.438807 -0.125829 -0.040522
EDGE_ODO 762 763 2.573424 0.004587 0.023306
EDGE_ODO 763 764 2.480050 -0.006078 0.012759
EDGE_ODO 764 765 2.539619 0.001599 0.023709
EDGE_ODO 765 766 2.437317 -0.000343 0.013056
EDGE_ODO 766 767 2.576730 -0.044366 -0.028410
EDGE_ODO 767 768 2.444171 -0.068676 -0.058704
EDGE_ODO 768 769 2.570439 0.006582 0.025911
EDGE_ODO 769 770 2.573543 0.014149 0.021367
EDGE_ODO 770 771 2.355720 0.003915 0.008706
EDGE_ODO 771 772 2.565835 -0.024619 -0.056736
EDGE_ODO 772 773 2.577573 -0.005627 0.008028
EDGE_ODO 773 774 2.574025 -0.001579 0.005895
EDGE_ODO 774 775 2.443109 -0.011521 -0.003388
EDGE_ODO 775 776 2.568242 -0.072897 -0.014126
EDGE_ODO 776 777 2.444504 0.011233 0.023477
EDGE_ODO 777 778 2.579641 -0.000491 0.018716
EDGE_ODO 778 779 2.570702 -0.005729 0.008354
EDGE_ODO 779 780 2.437938 -0.166011 -0.072790
EDGE_ODO 780 781 2.565271 -0.032095 -0.003750
EDGE_ODO 781 782 2.487925 0.006003 0.023119
EDGE_ODO 782 783 2.532230 -0.096694 -0.074854
EDGE_ODO 783 784 2.575687 0.003328 0.008381
EDGE_ODO 784 785 2.439656 0.007755 0.017278
EDGE_ODO 785 786 2.445476 -0.008598 0.002998
EDGE_ODO 786 787 2.572904 0.004615 0.014117
EDGE_ODO 787 788 2.572080 -0.010080 0.007043
EDGE_ODO 788 789 2.576266 -0.012566 0.001425
EDGE_ODO 789 790 2.572070 0.002944 0.013471
EDGE_ODO 790 791 2.434514 -0.194705 -0.097028
EDGE_ODO 791 792 2.570852 -0.018868 -0.002162
EDGE_ODO 792 793 2.572162 -0.021894 -0.006059
EDGE_ODO 793 794 2.446918 -0.009046 0.005125
EDGE_ODO 794 795 2.570124 -0.015654 0.003465
EDGE_ODO 795 796 2.445303 -0.031884 -0.007910
EDGE_ODO 796 797 2.577823 -0.020835 -0.002093
EDGE_ODO 797 798 2.570061 -0.006012 0.046256
EDGE_ODO 798 799 2.441539 0.094497 -0.000580
EDGE_ODO 799 800 2.571553 -0.027621 -0.003220
EDGE_ODO 800 801 2.435736 -0.053624 -0.060205
EDGE_ODO 801 802 2.580752 -0.009627 0.006144
EDGE_ODO 802 803 2.121015 -0.012081 -0.005778
EDGE_ODO 803 804 1.954795 -0.004072 0.001047
EDGE_ODO 804 805 2.575654 -0.025544 -0.004835
EDGE_ODO 805 806 2.488037 -0.015476 0.000599
EDGE_ODO 806 807 2.531870 -0.016844 -0.003436
EDGE_LOOP 29 58 0.100000 -0.000000 -0.100000
EDGE_LOOP 71 132 -1.000000 -0.000000 -0.100000
EDGE_LOOP 96 155 1.000000 -0.000000 -0.000000
EDGE_LOOP 102 210 1.000000 -0.000000 3.141592
EDGE_LOOP 165 224 -0.000000 -0.000000 -0.000000
EDGE_LOOP 12 315 -0.000000 -0.000000 0.050000
EDGE_LOOP 45 365 1.000000 -0.000000 0.100000
EDGE_LOOP 61 338 -0.100000 -0.000000 -0.100000
EDGE_LOOP 29 335 -0.000000 -0.000000 -0.200000
EDGE_LOOP 296 417 -1.000000 -0.000000 -3.041593
EDGE_LOOP 273 537 -1.000000 -0.000000 -3.041593
EDGE_LOOP 257 572 -1.000000 -0.000000 3.141592
EDGE_LOOP 248 579 -1.000000 -0.000000 -3.041593
EDGE_LOOP 613 753 -0.000000 1.500000 -2.941593
EDGE_LOOP 564 791 -0.000000 1.000000 3.141592
EDGE_LOOP 170 231 6.000000 -0.000000 -1.570796
EDGE_LOOP 235 241 12.000000 -5.000000 -0.000000
EDGE_LOOP 4 9 7.500000 8.000000 -1.570796
EDGE_LOOP 595 776 -0.000000 -0.000000 3.091593
EDGE_LOOP 605 762 -0.000000 -0.500000 3.141592
